A
11
2 388 800 509 800
2 509 800 887 0
2 887 0 717 0
2 717 0 643 160
2 643 160 255 160
2 255 160 180 0
2 180 0 10 0
2 10 0 388 800
2 449 577 582 289
2 582 289 314 289
2 314 289 449 577
B
60
2 80 800 368 800
3 368 800 420 800 465 785
3 465 785 509 769 542 740
3 542 740 575 710 594 668
3 594 668 612 625 612 572
3 612 572 612 527 592 485
3 592 485 572 443 539 414
3 539 414 565 401 586 381
3 586 381 606 361 621 337
3 621 337 635 312 643 285
3 643 285 650 257 650 229
3 650 229 650 179 630 137
3 630 137 609 94 575 64
3 575 64 541 33 497 16
3 497 16 452 -1 403 -1
2 403 -1 80 0
2 80 0 80 800
2 235 682 235 462
3 235 462 260 461 280 461
3 280 461 300 461 326 461
3 326 461 352 461 376 467
3 376 467 400 473 419 486
3 419 486 437 499 448 520
3 448 520 459 540 459 569
3 459 569 459 598 448 619
3 448 619 437 640 419 654
3 419 654 400 668 376 675
3 376 675 352 682 326 682
2 326 682 235 682
2 235 350 235 129
2 235 129 351 129
3 351 129 376 129 401 135
3 401 135 426 141 446 155
3 446 155 465 168 477 189
3 477 189 489 209 489 238
3 489 238 489 263 480 284
3 480 284 470 305 454 320
3 454 320 437 334 416 342
3 416 342 394 350 369 350
3 369 350 335 351 302 351
3 302 351 269 350 235 350
2 643 284 643 284
2 644 282 644 282
2 645 280 645 276
2 646 274 646 272
2 647 270 647 266
2 648 264 648 260
2 649 258 649 246
2 650 244 650 230
2 464 170 464 170
2 436 501 436 501
2 457 596 457 596
2 487 262 487 262
2 451 3 451 4
2 352 129 362 129
2 364 130 376 130
2 376 131 382 131
2 384 132 388 132
2 390 133 397 133
2 398 135 400 135
C
29
2 809 660 702 550
3 702 550 665 603 607 636
3 607 636 548 668 478 668
3 478 668 422 668 373 647
3 373 647 323 625 286 589
3 286 589 249 552 228 504
3 228 504 206 455 206 400
3 206 400 206 346 228 298
3 228 298 249 249 286 213
3 286 213 323 176 373 155
3 373 155 422 133 478 133
3 478 133 552 133 609 167
3 609 167 666 200 704 255
2 704 255 812 144
3 812 144 752 71 667 28
3 667 28 581 -15 478 -15
3 478 -15 389 -15 311 18
3 311 18 233 50 175 106
3 175 106 117 162 84 238
3 84 238 50 313 50 400
3 50 400 50 487 84 563
3 84 563 117 638 175 695
3 175 695 233 751 311 783
3 311 783 389 815 478 815
3 478 815 581 815 667 772
3 667 772 752 729 809 660
2 59 316 59 316
2 660 598 660 598
2 327 180 327 180
D
26
2 80 800 414 800
3 414 800 496 800 566 768
3 566 768 635 736 685 682
3 685 682 735 628 763 555
3 763 555 791 482 791 400
3 791 400 791 317 763 245
3 763 245 735 172 685 118
3 685 118 635 63 566 32
3 566 32 496 0 414 0
2 414 0 80 0
2 80 0 80 800
2 235 678 235 132
2 235 132 370 132
3 370 132 431 132 480 153
3 480 153 528 173 562 210
3 562 210 596 246 615 296
3 615 296 633 345 634 404
3 634 404 635 460 617 510
3 617 510 599 560 565 598
3 565 598 531 635 482 657
3 482 657 432 678 370 678
2 370 678 235 678
2 763 556 763 556
2 791 399 791 399
2 764 246 764 246
2 632 69 632 69
E
12
2 80 799 608 799
2 608 799 608 671
2 608 671 232 671
2 232 671 232 480
2 232 480 603 480
2 603 480 603 355
2 603 355 232 355
2 232 355 232 135
2 232 135 608 135
2 608 135 608 0
2 608 0 80 0
2 80 0 80 799
F
10
2 80 799 608 799
2 608 799 608 666
2 608 666 232 666
2 232 666 232 480
2 232 480 603 480
2 603 480 603 354
2 603 354 232 354
2 232 354 232 0
2 232 0 80 0
2 80 0 80 799
G
44
2 810 661 705 554
3 705 554 660 615 604 642
3 604 642 548 668 479 668
3 479 668 422 668 372 647
3 372 647 322 626 285 590
3 285 590 247 553 226 505
3 226 505 204 456 204 401
3 204 401 204 345 226 297
3 226 297 247 248 285 211
3 285 211 322 174 372 153
3 372 153 422 132 479 132
3 479 132 533 132 581 152
3 581 152 629 172 667 205
2 667 205 667 282
2 667 282 503 282
2 503 282 503 414
2 503 414 816 414
2 816 414 816 147
3 816 147 782 105 742 75
3 742 75 702 44 659 24
3 659 24 615 4 570 -6
3 570 -6 524 -15 478 -15
3 478 -15 390 -15 312 17
3 312 17 234 49 176 105
3 176 105 118 161 84 237
3 84 237 50 313 50 401
3 50 401 50 487 84 563
3 84 563 117 638 176 694
3 176 694 234 750 312 783
3 312 783 390 815 479 815
3 479 815 582 815 667 773
3 667 773 751 731 810 661
2 50 400 50 402
2 252 251 252 251
2 326 178 326 178
2 479 -15 500 -15
2 501 -14 513 -14
2 515 -13 523 -13
2 525 -12 533 -12
2 535 -11 543 -11
2 545 -10 549 -10
2 551 -9 553 -9
2 555 -8 563 -8
2 565 -6 569 -6
H
12
2 80 799 235 799
2 235 799 235 482
2 235 482 550 482
2 550 482 550 799
2 550 799 705 799
2 705 799 705 0
2 705 0 550 0
2 550 0 550 354
2 550 354 235 354
2 235 354 235 0
2 235 0 80 0
2 80 0 80 799
I
4
2 80 799 235 799
2 235 799 235 0
2 235 0 80 0
2 80 0 80 799
J
16
2 363 799 521 799
2 521 799 521 268
3 521 268 521 187 493 133
3 493 133 464 79 423 46
3 423 46 382 13 336 -1
3 336 -1 289 -15 252 -15
3 252 -15 184 -15 123 17
3 123 17 61 49 20 102
2 20 102 122 203
3 122 203 142 171 174 153
3 174 153 206 135 240 135
3 240 135 263 135 285 144
3 285 144 307 152 325 168
3 325 168 342 184 353 207
3 353 207 363 230 363 260
2 363 260 363 799
K
11
2 80 800 235 800
2 235 800 235 443
2 235 443 562 800
2 562 800 746 800
2 746 800 385 407
2 385 407 757 0
2 757 0 555 0
2 555 0 235 354
2 235 354 235 0
2 235 0 80 0
2 80 0 80 800
L
6
2 80 799 238 799
2 238 799 238 150
2 238 150 621 150
2 621 150 621 0
2 621 0 80 0
2 80 0 80 799
M
12
2 80 800 255 800
2 255 800 477 403
2 477 403 709 800
2 709 800 878 800
2 878 800 878 0
2 878 0 726 0
2 726 0 726 534
2 726 534 474 109
2 474 109 232 538
2 232 538 232 0
2 232 0 80 0
2 80 0 80 800
N
10
2 80 800 254 800
2 254 800 593 278
2 593 278 593 800
2 593 800 745 800
2 745 800 745 0
2 745 0 593 0
2 593 0 232 561
2 232 561 232 0
2 232 0 80 0
2 80 0 80 800
O
38
3 475 815 562 815 639 783
3 639 783 716 751 774 695
3 774 695 832 638 866 563
3 866 563 899 487 899 400
3 899 400 899 314 866 238
3 866 238 832 162 774 106
3 774 106 716 50 639 18
3 639 18 562 -15 475 -15
3 475 -15 388 -15 311 18
3 311 18 233 50 175 106
3 175 106 117 162 84 238
3 84 238 50 313 50 400
3 50 400 50 487 84 563
3 84 563 117 639 175 695
3 175 695 233 751 311 783
3 311 783 388 815 475 815
3 475 668 419 668 370 647
3 370 647 321 625 285 589
3 285 589 248 552 227 504
3 227 504 206 455 206 400
3 206 400 206 346 227 297
3 227 297 248 248 285 212
3 285 212 321 175 370 154
3 370 154 419 132 475 132
3 475 132 530 132 579 154
3 579 154 628 175 665 212
3 665 212 701 248 722 297
3 722 297 743 346 743 400
3 743 400 743 455 722 504
3 722 504 701 552 665 589
3 665 589 628 625 579 647
3 579 647 530 668 475 668
2 899 401 899 399
2 59 316 59 316
2 326 179 326 179
2 626 179 626 179
2 310 18 310 18
2 638 18 638 18
P
28
2 80 799 367 799
3 367 799 423 799 473 779
3 473 779 523 758 560 722
3 560 722 597 686 619 637
3 619 637 640 588 640 531
3 640 531 640 474 619 425
3 619 425 597 375 560 339
3 560 339 523 302 473 282
3 473 282 423 261 367 261
2 367 261 235 261
2 235 261 235 0
2 235 0 80 0
2 80 0 80 799
2 235 682 235 380
2 235 380 338 380
3 338 380 369 380 396 393
3 396 393 423 405 443 426
3 443 426 463 447 475 475
3 475 475 486 502 486 533
3 486 533 486 564 475 591
3 475 591 463 618 443 638
3 443 638 423 658 396 670
3 396 670 369 682 338 682
2 338 682 235 682
2 635 476 635 476
2 635 586 635 586
2 484 503 484 503
2 484 563 484 563
Q
43
3 471 815 558 815 635 783
3 635 783 712 750 770 694
3 770 694 827 637 860 562
3 860 562 893 486 893 400
3 893 400 893 329 871 266
3 871 266 848 202 806 149
2 806 149 886 70
2 886 70 794 -22
2 794 -22 712 61
3 712 61 661 26 600 6
3 600 6 539 -14 471 -14
3 471 -14 384 -14 308 19
3 308 19 231 51 174 108
3 174 108 116 164 83 239
3 83 239 50 314 50 400
3 50 400 50 486 83 562
3 83 562 116 637 174 694
3 174 694 231 750 308 783
3 308 783 384 815 471 815
3 471 670 415 670 366 649
3 366 649 317 627 280 590
3 280 590 243 553 222 504
3 222 504 201 455 201 400
3 201 400 201 345 222 296
3 222 296 243 247 280 211
3 280 211 317 174 366 153
3 366 153 415 131 471 131
3 471 131 509 131 544 141
3 544 141 578 151 609 169
2 609 169 534 242
2 534 242 626 334
2 626 334 700 258
3 700 258 742 323 742 400
3 742 400 742 455 721 504
3 721 504 699 553 663 590
3 663 590 626 627 577 649
3 577 649 527 670 471 670
2 696 550 696 550
2 247 550 247 550
2 50 401 50 401
2 888 331 888 331
2 732 326 732 326
2 321 178 321 178
R
51
2 80 799 396 800
3 396 800 447 800 491 783
3 491 783 535 765 567 734
3 567 734 599 703 617 661
3 617 661 635 619 635 570
3 635 570 635 535 624 502
3 624 502 613 469 593 441
3 593 441 573 413 546 392
3 546 392 518 370 485 359
3 485 359 523 345 547 319
3 547 319 571 292 585 255
3 585 255 592 238 598 221
3 598 221 604 204 611 186
3 611 186 617 167 625 146
3 625 146 632 124 641 98
3 641 98 652 65 662 42
3 662 42 671 18 682 0
2 682 0 511 0
2 511 0 454 182
3 454 182 445 212 432 237
3 432 237 418 262 399 280
3 399 280 380 298 354 308
3 354 308 327 318 291 318
2 291 318 233 318
2 233 318 233 0
2 233 0 80 0 
2 80 0 80 799
2 233 686 233 437
2 233 437 345 437
3 345 437 373 437 398 446
3 398 446 422 454 440 470
3 440 470 458 486 469 509
3 469 509 479 531 479 559
3 479 559 479 587 469 610
3 469 610 458 633 440 650
3 440 650 422 667 398 677
3 398 677 373 686 345 686
2 345 686 233 686
2 586 254 586 254
2 587 252 587 250
2 588 248 588 248
2 589 246 589 246
2 590 244 590 244
2 591 242 591 240
2 592 238 592 238
2 593 236 593 236
2 594 234 594 232
2 595 230 595 230
2 596 228 596 226
2 597 224 597 224
2 598 222 598 222
S
52
2 593 722 485 613
3 485 613 455 642 418 658
3 418 658 381 673 331 673
3 331 673 308 673 289 666
3 289 666 269 659 255 648
3 255 648 241 636 233 621
3 233 621 224 605 224 588
3 224 588 224 569 232 554
3 232 554 240 538 259 524
3 259 524 278 509 310 495
3 310 495 341 480 388 463
3 388 463 448 442 491 417
3 491 417 534 392 561 362
3 561 362 588 332 601 295
3 601 295 614 257 614 210
3 614 210 614 165 595 125
3 595 125 575 84 540 53
3 540 53 505 22 457 4
3 457 4 409 -15 351 -15
3 351 -15 299 -15 258 -9
3 258 -9 216 -3 180 10
3 180 10 143 23 110 44
3 110 44 76 64 40 93
2 40 93 150 204
3 150 204 198 164 244 148
3 244 148 290 131 344 131
3 344 131 366 131 386 138
3 386 138 405 144 420 155
3 420 155 434 166 443 181
3 443 181 451 196 451 214
3 451 214 451 233 444 248
3 444 248 437 263 419 277
3 419 277 401 291 369 306
3 369 306 337 320 287 338
3 287 338 243 354 203 375
3 203 375 162 395 132 424
3 132 424 101 453 83 492
3 83 492 64 531 64 584
3 64 584 64 635 85 678
3 85 678 105 721 141 752
3 141 752 176 782 224 799
3 224 799 271 816 326 816
3 326 816 418 816 481 792
3 481 792 544 768 593 722
2 110 718 110 718
2 70 633 70 633
2 226 570 226 570
2 272 658 272 658
2 446 441 446 441
2 450 232 450 232
2 433 167 433 167
2 145 25 145 25
T
8
2 30 799 629 799
2 629 799 629 661
2 629 661 408 661
2 408 661 408 0
2 408 0 251 0
2 251 0 251 661
2 251 661 30 661
2 30 661 30 799
U
22
2 70 800 225 800
2 225 800 225 360
3 225 360 225 314 238 274
3 238 274 251 233 276 203
3 276 203 301 173 339 156
3 339 156 376 138 424 138
3 424 138 475 138 513 155
3 513 155 550 171 575 201
3 575 201 599 230 612 270
3 612 270 624 310 624 368
2 624 368 624 800
2 624 800 781 800
2 781 800 781 366
3 781 366 781 286 757 217
3 757 217 733 148 688 97
3 688 97 642 45 577 16
3 577 16 511 -14 427 -14
3 427 -14 345 -14 279 15
3 279 15 213 44 167 95
3 167 95 120 145 95 214
3 95 214 70 282 70 361
2 70 361 70 800
V
7
2 15 800 187 800
2 187 800 395 238
2 395 238 600 800
2 600 800 770 800
2 770 800 467 0
2 467 0 325 0
2 325 0 15 800
W
13
2 15 800 179 800
2 179 800 348 283
2 348 283 494 800
2 494 800 622 800
2 622 800 768 282
2 768 282 939 800
2 939 800 1102 800
2 1102 800 842 0
2 842 0 706 0
2 706 0 559 494
2 559 494 411 0
2 411 0 275 0
2 275 0 15 800
X
12
2 34 800 222 800
2 222 800 400 529
2 400 529 577 800
2 577 800 768 800
2 768 800 498 416
2 498 416 790 0
2 790 0 599 0
2 599 0 400 304
2 400 304 201 0
2 201 0 10 0
2 10 0 302 415
2 302 415 34 800
Y
9
2 15 799 195 799
2 195 799 403 463
2 403 463 620 799
2 620 799 807 799
2 807 799 481 327
2 481 327 481 -1
2 481 -1 324 -1
2 324 -1 324 329
2 324 329 15 799
Z
8
2 55 800 694 800
2 694 800 307 153
2 307 153 691 153
2 691 153 691 0
2 691 0 40 0
2 40 0 436 662
2 436 662 55 661
2 55 661 55 800